=============================================================
NETWORK

Classification Report

             precision    recall  f1-score   support

      B-LOC       0.89      0.94      0.91      1668
     B-MISC       0.83      0.82      0.82       702
      B-ORG       0.87      0.87      0.87      1661
      B-PER       0.94      0.95      0.94      1617
      I-LOC       0.77      0.88      0.83       257
     I-MISC       0.63      0.70      0.66       216
      I-ORG       0.80      0.84      0.82       835
      I-PER       0.97      0.98      0.97      1156
          O       1.00      0.99      0.99     38553

avg / total       0.98      0.98      0.98     46665



Confusion Matrix

[[ 1565    29    54     8     2     1     4     1     4]
 [   20   576    48    20     0     6     5     0    27]
 [   98    32  1450    25     0     0    20     0    36]
 [   18     0    35  1532     1     1     1    11    18]
 [    5     0     0     0   227     1    14     6     4]
 [    1     7     0     2     6   151    19     7    23]
 [   12     2    24     1    37    18   699     7    35]
 [    0     0     0     7     6     0     5  1135     3]
 [   35    49    64    31    14    61   110     7 38182]]


===========================================================
CRF

Classification Report

             precision    recall  f1-score   support

      B-LOC       0.92      0.93      0.93      1668
     B-MISC       0.82      0.82      0.82       702
      B-ORG       0.88      0.89      0.89      1661
      B-PER       0.96      0.95      0.95      1617
      I-LOC       0.79      0.88      0.83       257
     I-MISC       0.59      0.73      0.65       216
      I-ORG       0.81      0.88      0.84       835
      I-PER       0.98      0.99      0.98      1156
          O       1.00      0.99      0.99     38553

avg / total       0.98      0.98      0.98     46665



Confusion Matrix

[[ 1559    29    53     9     2     2     8     0     6]
 [   21   578    42    15     0     8     1     0    37]
 [   69    31  1483    17     0     1    19     0    41]
 [   13     1    39  1535     0     2     2    10    15]
 [    2     0     0     0   227     2    20     3     3]
 [    1     6     0     0     6   158    18     4    23]
 [    2     2     6     1    34    18   736     4    32]
 [    0     1     0     0     5     2     6  1139     3]
 [   26    56    66    25    13    75   101     7 38184]]


