==========================================================
NETWORK

Classification Report

             precision    recall  f1-score   support

      B-LOC       0.70      0.78      0.74      1668
     B-MISC       0.63      0.62      0.62       702
      B-ORG       0.70      0.65      0.68      1661
      B-PER       0.72      0.76      0.74      1617
      I-LOC       0.55      0.39      0.45       257
     I-MISC       0.43      0.45      0.44       216
      I-ORG       0.55      0.58      0.56       835
      I-PER       0.78      0.84      0.81      1156
          O       0.99      0.98      0.99     38553

avg / total       0.94      0.93      0.93     46665


Confusion Matrix

[[ 1299    54   127    91     1    14    11     3    68]
 [   70   435    80    34     1     7    14     0    61]
 [  207    67  1082   170     0     6    14     9   106]
 [  121    23   130  1227     2     0    40    23    51]
 [    6     1     0     4    99    23    66    34    24]
 [    2     4     0     2     9    97    28    17    57]
 [   18     3    10    42    26    14   486   140    96]
 [    2     0     1    33    36     4   108   971     1]
 [  123   107   107    97     6    62   121    41 37889]]


=========================================================
CRF

Classification Report

             precision    recall  f1-score   support

      B-LOC       0.76      0.78      0.77      1668
     B-MISC       0.64      0.66      0.65       702
      B-ORG       0.76      0.68      0.72      1661
      B-PER       0.79      0.82      0.80      1617
      I-LOC       0.67      0.54      0.60       257
     I-MISC       0.37      0.50      0.43       216
      I-ORG       0.63      0.69      0.66       835
      I-PER       0.86      0.92      0.89      1156
          O       0.99      0.98      0.99     38553

avg / total       0.95      0.94      0.94     46665


Confusion Matrix

[[ 1308    63   110    78     0    13    12     4    80]
 [   40   462    63    23     1    12     7     1    93]
 [  154    82  1130   166     0     6    18     4   101]
 [   98    14    85  1330     5     0    19    15    51]
 [    2     0     0     1   140    22    53    24    15]
 [    0     4     0     3     8   108    27    13    53]
 [    6     3     9    17    28    50   580    86    56]
 [    0     0     1     3    12     3    69  1068     0]
 [  113    94    85    72    16    76   136    34 37927]]



