====================================================
NETWORK

Classification Report

             precision    recall  f1-score   support

      B-art       0.67      0.05      0.09        85
      B-eve       0.62      0.32      0.42        57
      B-geo       0.83      0.93      0.88      7702
      B-gpe       0.97      0.94      0.95      3162
      B-nat       0.62      0.32      0.42        47
      B-org       0.82      0.66      0.73      3987
      B-per       0.83      0.84      0.84      3441
      B-tim       0.92      0.89      0.90      3998
      I-art       0.00      0.00      0.00        51
      I-eve       0.47      0.20      0.28        45
      I-geo       0.79      0.78      0.79      1528
      I-gpe       1.00      0.81      0.90        32
      I-nat       1.00      0.07      0.12        15
      I-org       0.82      0.72      0.76      3281
      I-per       0.81      0.94      0.87      3462
      I-tim       0.81      0.77      0.79      1292
          O       0.99      0.99      0.99    177607

avg / total       0.97      0.97      0.97    209792

Confusion Matrix                                                                                                                                                                                   [63/1693]

[[     4      1     29      3      0     22      7      0      0      0
       0      0      0      1      1      0     17]
 [     0     18      6      2      0      7      2      2      0      1
       0      0      0      0      0      1     18]
 [     0      0   7139     12      4    171    106      4      0      0
      46      0      0     13     52      4    151]
 [     0      1    183   2959      0      4      2      0      0      0
       6      0      0      0      0      0      7]
 [     0      0      5      0     15      7      1      0      0      0
       0      0      0      0      0      0     19]
 [     2      3    682     24      1   2640    225      8      0      2
       1      0      0     80     69      4    246]
 [     0      0    153      3      0     72   2899      0      0      0
       5      0      0     28    186      1     94]
 [     0      0     54      0      0     13      3   3564      0      0
       0      0      0      2      7     83    272]
 [     0      0      2      0      0      0      2      0      0      0
       7      0      0     31      6      0      3]
 [     0      4      0      0      0      0      0      2      0      9
       2      0      0     14      0      4     10]
 [     0      0     93      1      0     10      2      1      0      0
    1199      0      0    102     80      1     39]
 [     0      0      0      1      0      0      0      0      0      0
       5     26      0      0      0      0      0]
 [     0      0      0      0      0      0      0      0      0      0
       0      0      1      3      2      0      9]
 [     0      0    101      4      0     82     49      0      1      4
     166      0      0   2351    271      5    247]
 [     0      0      1      0      1     11     50      0      1      0
      50      0      0     56   3270      0     22]
 [     0      0     13      0      0      2      1     70      0      0
       3      0      0     15      1    993    194]
 [     0      2    147     27      3    175    124    240      0      3
      34      0      0    186    106    123 176437]]


====================================================
CRF

Classification Report

             precision    recall  f1-score   support

      B-art       0.43      0.07      0.12        85
      B-eve       0.40      0.35      0.37        57
      B-geo       0.86      0.91      0.88      7702
      B-gpe       0.98      0.94      0.96      3162
      B-nat       0.55      0.38      0.45        47
      B-org       0.80      0.70      0.75      3987
      B-per       0.85      0.84      0.84      3441
      B-tim       0.92      0.89      0.90      3998
      I-art       0.43      0.18      0.25        51
      I-eve       0.23      0.22      0.22        45
      I-geo       0.82      0.79      0.81      1528
      I-gpe       0.93      0.78      0.85        32
      I-nat       0.17      0.07      0.10        15
      I-org       0.77      0.80      0.79      3281
      I-per       0.85      0.90      0.88      3462
      I-tim       0.80      0.79      0.80      1292
          O       0.99      0.99      0.99    177607

avg / total       0.97      0.97      0.97    209792


Confusion Matrix                                                                                                                                                                                    [1/1693]

[[     6      1     19      3      0     32      5      2      1      0
       0      0      0      2      0      0     14]
 [     1     20      2      0      0      6      3      2      0      5
       0      0      0      0      0      1     17]
 [     2      2   7000     18      4    234    108     10      1      0
      43      0      0     59     46      6    169]
 [     0      2    166   2962      0      9      3      0      0      0
       4      0      0      1      1      1     13]
 [     0      0      2      0     18      5      1      0      0      0
       0      0      0      0      0      1     20]
 [     4      8    566     18      2   2805    188     10      0      2
       1      0      0     69     68      4    242]
 [     0      0    124      3      1    111   2877      2      1      1
       7      0      3     56    126      1    128]
 [     0      1     49      0      0     14      3   3550      0      0
       0      0      0      4      7     92    278]
 [     0      0      1      0      0      0      2      0      9      2
       4      0      0     29      0      0      4]
 [     0      6      0      0      0      0      0      2      0     10
       1      0      0      9      0      3     14]
 [     0      0     58      1      0     12      2      1      2      2
    1209      1      0    141     53      1     45]
 [     0      0      0      1      0      0      0      0      0      0
       4     25      0      0      1      0      1]
 [     0      0      0      0      0      0      0      0      0      0
       0      0      1      3      1      0     10]
 [     0      1     56      2      0     57     30      2      0     12
     129      0      1   2634    152      6    199]
 [     0      0      1      0      0     11     83      0      0      0
      39      1      1    146   3131      0     49]
 [     0      1     11      0      0      1      0     65      0      2
       3      0      0     10      0   1026    173]
 [     1      8    121     19      8    197     73    210      7      8
      22      0      0    241     79    133 176480]]

