======================================================
NETWORK

Classification Report

             precision    recall  f1-score   support

      B-LOC       0.88      0.91      0.89      1668
     B-MISC       0.85      0.80      0.82       702
      B-ORG       0.83      0.84      0.84      1661
      B-PER       0.93      0.94      0.94      1617
      I-LOC       0.84      0.78      0.81       257
     I-MISC       0.68      0.73      0.70       216
      I-ORG       0.75      0.86      0.80       835
      I-PER       0.96      0.97      0.96      1156
          O       1.00      0.99      0.99     38553

avg / total       0.97      0.97      0.97     46665


Confusion Matrix

[[ 1518    24    92    19     3     0     4     1     7]
 [   23   561    55    16     0    11     3     0    33]
 [  128    28  1400    38     0     0    25     0    42]
 [   24     0    38  1514     0     0     7    19    15]
 [    6     0     0     0   200     1    38     5     7]
 [    1     3     1     0     3   157    26     7    18]
 [   12     1    16     3    20    11   721    17    34]
 [    1     0     0    10     3     0    16  1126     0]
 [   20    42    78    21     9    51   123     4 38205]]


===========================================================
CRF

Classification Report

             precision    recall  f1-score   support

      B-LOC       0.90      0.92      0.91      1668
     B-MISC       0.82      0.84      0.83       702
      B-ORG       0.86      0.85      0.85      1661
      B-PER       0.95      0.94      0.95      1617
      I-LOC       0.80      0.81      0.81       257
     I-MISC       0.62      0.71      0.67       216
      I-ORG       0.77      0.86      0.81       835
      I-PER       0.97      0.97      0.97      1156
          O       1.00      0.99      0.99     38553

avg / total       0.98      0.97      0.98     46665



Confusion Matrix

[[ 1532    29    80     6     1     1    10     0     9]
 [   18   588    43    12     1     4     3     0    33]
 [   98    39  1419    34     0     1    18     0    52]
 [   18     3    40  1520     2     1     4    10    19]
 [    1     0     0     1   208     1    39     3     4]
 [    1     4     0     1     3   154    25     3    25]
 [    3     3    10     1    28    24   718    10    38]
 [    0     0     0     2     2     1    24  1127     0]
 [   29    51    67    16    14    60    90     5 38221]]

